779
109C_TA_LHT 32.888901 -117.105103 0.000000
112A_TA_LHT 32.535599 -114.580399 0.000000
113A_TA_LHT 32.768299 -113.766701 0.000000
114A_TA_LHT 32.751301 -112.883003 0.000000
115A_TA_LHT 32.700600 -112.227898 0.000000
116A_TA_LHT 32.561798 -111.704201 0.000000
117A_TA_LHT 32.571602 -110.739304 0.000000
118A_TA_LHT 32.639900 -109.969704 0.000000
119A_TA_LHT 32.766300 -109.302902 0.000000
120A_TA_LHT 32.546600 -108.633003 0.000000
121A_TA_LHT 32.532398 -107.785103 0.000000
122A_TA_LHT 32.699501 -107.000504 0.000000
123A_TA_LHT 32.634899 -106.262199 0.000000
124A_TA_LHT 32.700100 -105.454399 0.000000
125A_TA_LHT 32.658798 -104.657303 0.000000
126A_TA_LHT 32.646198 -104.020401 0.000000
127A_TA_LHT 32.676399 -103.357498 0.000000
128A_TA_LHT 32.621300 -102.485001 0.000000
129A_TA_LHT 32.630901 -101.866203 0.000000
130A_TA_LHT 32.596100 -100.965202 0.000000
131A_TA_LHT 32.673698 -100.388802 0.000000
214A_TA_LHT 31.955900 -112.811501 0.000000
216A_TA_LHT 32.002201 -111.457397 0.000000
217A_TA_LHT 31.774799 -110.816200 0.000000
218A_TA_LHT 31.973700 -110.046402 0.000000
219A_TA_LHT 31.998899 -109.259201 0.000000
220A_TA_LHT 31.904100 -108.526604 0.000000
221A_TA_LHT 32.009399 -107.778198 0.000000
222A_TA_LHT 32.104599 -107.101303 0.000000
223A_TA_LHT 32.006199 -106.427597 0.000000
224A_TA_LHT 32.076000 -105.522598 0.000000
225A_TA_LHT 32.110100 -104.822899 0.000000
226A_TA_LHT 32.061798 -104.101402 0.000000
226B_TA_LHT 32.077801 -104.165398 0.000000
227A_TA_LHT 32.012001 -103.292397 0.000000
228A_TA_LHT 32.118000 -102.591797 0.000000
229A_TA_LHT 31.967100 -101.810699 0.000000
230A_TA_LHT 31.887800 -101.112396 0.000000
231A_TA_LHT 31.935301 -100.316299 0.000000
232A_TA_LHT 31.888000 -99.646896 0.000000
318A_TA_LHT 31.438999 -109.990700 0.000000
319A_TA_LHT 31.375700 -109.280899 0.000000
320A_TA_LHT 31.336901 -108.528397 0.000000
324A_TA_LHT 31.442499 -105.482803 0.000000
325A_TA_LHT 31.371099 -104.971199 0.000000
326A_TA_LHT 31.316500 -103.978600 0.000000
327A_TA_LHT 31.369101 -103.492302 0.000000
328A_TA_LHT 31.381800 -102.809700 0.000000
329A_TA_LHT 31.487000 -101.980797 0.000000
330A_TA_LHT 31.406300 -101.175201 0.000000
331A_TA_LHT 31.308500 -100.426598 0.000000
332A_TA_LHT 31.382900 -99.742302 0.000000
425A_TA_LHT 30.786200 -104.985703 0.000000
426A_TA_LHT 30.668900 -104.029297 0.000000
427A_TA_LHT 30.849800 -103.401802 0.000000
428A_TA_LHT 30.726299 -102.684700 0.000000
429A_TA_LHT 30.624800 -101.893799 0.000000
430A_TA_LHT 30.786600 -101.236198 0.000000
431A_TA_LHT 30.682400 -100.607903 0.000000
432A_TA_LHT 30.875500 -99.793701 0.000000
526A_TA_LHT 30.060900 -104.089798 0.000000
527A_TA_LHT 30.145599 -103.611900 0.000000
528A_TA_LHT 30.161501 -102.788002 0.000000
529A_TA_LHT 30.124599 -102.220398 0.000000
530A_TA_LHT 30.148899 -101.337898 0.000000
531A_TA_LHT 30.164499 -100.546402 0.000000
532A_TA_LHT 30.127800 -99.904900 0.000000
626A_TA_LHT 29.554001 -104.133499 0.000000
627A_TA_LHT 29.452801 -103.388702 0.000000
628A_TA_LHT 29.486200 -102.888496 0.000000
631A_TA_LHT 29.412300 -100.575897 0.000000
632A_TA_LHT 29.507099 -99.786301 0.000000
732A_TA_LHT 28.729200 -99.970703 0.000000
A04A_TA_LHT 48.719700 -122.707001 0.000000
A05A_TA_LHT 48.998299 -122.085197 0.000000
A06A_TA_LHT 49.098301 -121.480400 0.000000
A07A_TA_LHT 49.048000 -120.383698 0.000000
A08A_TA_LHT 48.953400 -119.272499 0.000000
A09A_TA_LHT 48.975201 -118.585098 0.000000
A10A_TA_LHT 48.981300 -117.558601 0.000000
A11A_TA_LHT 48.958000 -116.363098 0.000000
A12A_TA_LHT 48.933899 -115.652603 0.000000
A13A_TA_LHT 48.932999 -114.413498 0.000000
A14A_TA_LHT 48.972500 -113.421799 0.000000
A15A_TA_LHT 48.977699 -112.732697 0.000000
A16A_TA_LHT 48.948200 -111.596802 0.000000
A17A_TA_LHT 48.944801 -110.699402 0.000000
A18A_TA_LHT 48.919800 -109.845901 0.000000
A19A_TA_LHT 48.928600 -108.742897 0.000000
A20A_TA_LHT 48.879902 -107.925697 0.000000
A21A_TA_LHT 48.991199 -106.925400 0.000000
A22A_TA_LHT 48.992599 -105.915298 0.000000
A23A_TA_LHT 48.959202 -104.878601 0.000000
A24A_TA_LHT 48.923901 -104.001801 0.000000
A25A_TA_LHT 48.938801 -103.112801 0.000000
A26A_TA_LHT 48.897301 -102.038002 0.000000
A27A_TA_LHT 48.953300 -101.240700 0.000000
A28A_TA_LHT 48.909599 -100.266899 0.000000
A29A_TA_LHT 48.922798 -99.232101 0.000000
A30A_TA_LHT 48.940201 -98.300903 0.000000
ABTX_TA_LHT 32.623798 -99.643097 0.000000
B04A_TA_LHT 48.057499 -123.503998 0.000000
B05A_TA_LHT 48.264099 -122.096001 0.000000
B06A_TA_LHT 48.518299 -121.484497 0.000000
B07A_TA_LHT 48.460701 -120.119698 0.000000
B08A_TA_LHT 48.358398 -119.333199 0.000000
B09A_TA_LHT 48.422600 -118.148804 0.000000
B10A_TA_LHT 48.299500 -117.225197 0.000000
B11A_TA_LHT 48.436600 -116.367401 0.000000
B12A_TA_LHT 48.469398 -115.588898 0.000000
B13A_TA_LHT 48.373901 -114.467598 0.000000
B14A_TA_LHT 48.360901 -113.272903 0.000000
B15A_TA_LHT 48.312901 -112.561897 0.000000
B16A_TA_LHT 48.412800 -111.707298 0.000000
B17A_TA_LHT 48.292099 -110.798798 0.000000
B18A_TA_LHT 48.394299 -109.777496 0.000000
B19A_TA_LHT 48.455101 -108.944298 0.000000
B20A_TA_LHT 48.438900 -108.020897 0.000000
B21A_TA_LHT 48.427799 -107.016602 0.000000
B22A_TA_LHT 48.300800 -105.996399 0.000000
B23A_TA_LHT 48.464298 -104.990898 0.000000
B25A_TA_LHT 48.271599 -103.161301 0.000000
B26A_TA_LHT 48.376202 -102.234100 0.000000
B27A_TA_LHT 48.404400 -101.260002 0.000000
B28A_TA_LHT 48.449200 -100.361603 0.000000
B29A_TA_LHT 48.464901 -99.353500 0.000000
B30A_TA_LHT 48.450500 -98.328598 0.000000
BGNE_TA_LHT 41.408298 -98.150200 0.000000
BNLO_TA_LHT 37.131100 -122.172897 0.000000
BRSD_TA_LHT 44.443001 -98.956299 0.000000
C03A_TA_LHT 47.947498 -124.566200 0.000000
C04A_TA_LHT 47.717201 -122.971802 0.000000
C05A_TA_LHT 47.694698 -121.689499 0.000000
C06A_TA_LHT 47.923000 -120.894402 0.000000
C07A_TA_LHT 47.690201 -120.061302 0.000000
C08A_TA_LHT 47.784901 -119.045403 0.000000
C09A_TA_LHT 47.800598 -118.274101 0.000000
C10A_TA_LHT 47.819199 -117.307701 0.000000
C11A_TA_LHT 47.839699 -116.255699 0.000000
C12A_TA_LHT 47.703899 -115.481102 0.000000
C12B_TA_LHT 47.709202 -115.474998 0.000000
C13A_TA_LHT 47.679501 -114.573502 0.000000
C14A_TA_LHT 47.768700 -113.746803 0.000000
C15A_TA_LHT 47.775002 -112.607201 0.000000
C16A_TA_LHT 47.801201 -111.745796 0.000000
C17A_TA_LHT 47.632702 -110.762604 0.000000
C19A_TA_LHT 47.734299 -109.048897 0.000000
C20A_TA_LHT 47.713299 -108.004204 0.000000
C21A_TA_LHT 47.826401 -107.096001 0.000000
C22A_TA_LHT 47.745602 -105.884102 0.000000
C23A_TA_LHT 47.802601 -105.184402 0.000000
C24A_TA_LHT 47.530201 -104.425201 0.000000
C25A_TA_LHT 47.712399 -103.255798 0.000000
C26A_TA_LHT 47.825901 -102.095703 0.000000
C27A_TA_LHT 47.713902 -101.502899 0.000000
C28A_TA_LHT 47.715698 -100.387100 0.000000
C30A_TA_LHT 47.702599 -98.478302 0.000000
D03A_TA_LHT 47.116100 -123.771400 0.000000
D04A_TA_LHT 47.110901 -122.803497 0.000000
D05A_TA_LHT 47.188099 -121.988800 0.000000
D06A_TA_LHT 47.193501 -120.844498 0.000000
D07A_TA_LHT 47.193600 -119.973198 0.000000
D08A_TA_LHT 47.057301 -118.920998 0.000000
D09A_TA_LHT 47.061501 -118.309196 0.000000
D10A_TA_LHT 47.054699 -117.275902 0.000000
D11A_TA_LHT 47.047699 -116.335297 0.000000
D12A_TA_LHT 47.052799 -115.352501 0.000000
D13A_TA_LHT 47.094299 -114.458702 0.000000
D14A_TA_LHT 47.081600 -113.506203 0.000000
D15A_TA_LHT 47.041801 -112.520401 0.000000
D16A_TA_LHT 47.030800 -111.549202 0.000000
D17A_TA_LHT 47.152302 -110.687302 0.000000
D18A_TA_LHT 47.196098 -109.802299 0.000000
D19A_TA_LHT 47.164600 -108.879997 0.000000
D20A_TA_LHT 47.091099 -108.136200 0.000000
D21A_TA_LHT 47.065800 -106.993896 0.000000
D22A_TA_LHT 47.149799 -106.179703 0.000000
D23A_TA_LHT 47.173000 -105.207100 0.000000
D24A_TA_LHT 47.115200 -104.327003 0.000000
D25A_TA_LHT 47.150799 -103.320297 0.000000
D26A_TA_LHT 47.030102 -102.435699 0.000000
D27A_TA_LHT 47.108101 -101.525398 0.000000
D28A_TA_LHT 47.192902 -100.569199 0.000000
D29A_TA_LHT 47.060501 -99.595703 0.000000
D30A_TA_LHT 47.108200 -98.757599 0.000000
E03A_TA_LHT 46.545898 -123.563202 0.000000
E04A_TA_LHT 46.593399 -122.720398 0.000000
E05A_TA_LHT 46.560501 -121.760803 0.000000
E06A_TA_LHT 46.543301 -120.979103 0.000000
E07A_TA_LHT 46.558498 -119.854797 0.000000
E08A_TA_LHT 46.491100 -119.059502 0.000000
E09A_TA_LHT 46.513901 -118.145500 0.000000
E10A_TA_LHT 46.485001 -117.110199 0.000000
E11A_TA_LHT 46.355900 -116.209198 0.000000
E12A_TA_LHT 46.415100 -115.570503 0.000000
E13A_TA_LHT 46.442299 -114.188004 0.000000
E14A_TA_LHT 46.416199 -113.492599 0.000000
E15A_TA_LHT 46.424599 -112.641197 0.000000
E16A_TA_LHT 46.533600 -111.676399 0.000000
E17A_TA_LHT 46.462002 -110.857597 0.000000
E18A_TA_LHT 46.566299 -109.913696 0.000000
E19A_TA_LHT 46.461102 -108.786003 0.000000
E20A_TA_LHT 46.503799 -108.130096 0.000000
E21A_TA_LHT 46.540798 -107.075699 0.000000
E22A_TA_LHT 46.438599 -105.948799 0.000000
E23A_TA_LHT 46.497799 -105.306198 0.000000
E24A_TA_LHT 46.560799 -104.307297 0.000000
E25A_TA_LHT 46.500900 -103.401299 0.000000
E26A_TA_LHT 46.471199 -102.462097 0.000000
E27A_TA_LHT 46.429298 -101.564499 0.000000
E28A_TA_LHT 46.574799 -100.693398 0.000000
E29A_TA_LHT 46.568199 -99.641998 0.000000
E30A_TA_LHT 46.502102 -98.909798 0.000000
ELFS_TA_LHT 40.618301 -120.727898 0.000000
F03A_TA_LHT 45.930599 -123.559097 0.000000
F04A_TA_LHT 45.932499 -122.419296 0.000000
F05A_TA_LHT 45.883900 -121.458801 0.000000
F06A_TA_LHT 45.766399 -120.781700 0.000000
F07A_TA_LHT 45.895100 -119.927803 0.000000
F08A_TA_LHT 45.797100 -118.776802 0.000000
F09A_TA_LHT 45.708698 -117.909401 0.000000
F10A_TA_LHT 45.973400 -117.227699 0.000000
F11A_TA_LHT 45.888302 -116.154900 0.000000
F12A_TA_LHT 45.756500 -115.254700 0.000000
F13A_TA_LHT 45.789299 -114.331703 0.000000
F14A_TA_LHT 45.812199 -113.369904 0.000000
F15A_TA_LHT 45.840900 -112.492897 0.000000
F16A_TA_LHT 45.784302 -111.626198 0.000000
F17A_TA_LHT 45.905399 -110.658997 0.000000
F18A_TA_LHT 45.904598 -109.715797 0.000000
F19A_TA_LHT 45.853802 -108.943703 0.000000
F20A_TA_LHT 45.800598 -108.148804 0.000000
F21A_TA_LHT 45.823101 -107.123299 0.000000
F22A_TA_LHT 45.779400 -106.256897 0.000000
F23A_TA_LHT 45.721199 -105.405602 0.000000
F24A_TA_LHT 45.845200 -104.444801 0.000000
F25A_TA_LHT 45.925598 -103.457603 0.000000
F26A_TA_LHT 45.851200 -102.669701 0.000000
F27A_TA_LHT 45.872700 -102.020302 0.000000
F28A_TA_LHT 45.848499 -100.800499 0.000000
F29A_TA_LHT 45.833599 -99.827301 0.000000
F30A_TA_LHT 45.835602 -99.025002 0.000000
G03A_TA_LHT 45.315300 -123.281097 0.000000
G04A_TA_LHT 45.205898 -122.478401 0.000000
G05A_TA_LHT 45.242199 -121.316704 0.000000
G06A_TA_LHT 45.235699 -120.635101 0.000000
G07A_TA_LHT 45.266399 -119.669197 0.000000
G08A_TA_LHT 45.290401 -118.959503 0.000000
G09A_TA_LHT 45.278099 -117.780197 0.000000
G10A_TA_LHT 45.292500 -117.120399 0.000000
G11A_TA_LHT 45.399700 -116.267998 0.000000
G12A_TA_LHT 45.128502 -115.325699 0.000000
G13A_TA_LHT 45.093102 -114.232903 0.000000
G14A_TA_LHT 45.243198 -113.460403 0.000000
G15A_TA_LHT 45.166000 -112.488701 0.000000
G16A_TA_LHT 45.228500 -111.804604 0.000000
G17A_TA_LHT 45.321201 -110.739799 0.000000
G18A_TA_LHT 45.317101 -109.563103 0.000000
G20A_TA_LHT 45.220200 -108.214104 0.000000
G21A_TA_LHT 45.224998 -107.207001 0.000000
G22A_TA_LHT 45.218899 -106.292397 0.000000
G23A_TA_LHT 45.201199 -105.390701 0.000000
G24A_TA_LHT 45.327999 -104.416298 0.000000
G25A_TA_LHT 45.193501 -103.417297 0.000000
G26A_TA_LHT 45.293701 -102.598999 0.000000
G28A_TA_LHT 45.074902 -100.916100 0.000000
G29A_TA_LHT 45.192600 -99.923401 0.000000
G30A_TA_LHT 45.129299 -99.144600 0.000000
H02A_TA_LHT 44.676399 -123.999702 0.000000
H03A_TA_LHT 44.676498 -123.292297 0.000000
H04A_TA_LHT 44.683701 -122.186203 0.000000
H05A_TA_LHT 44.647301 -121.227097 0.000000
H06A_TA_LHT 44.734402 -120.334602 0.000000
H07A_TA_LHT 44.591301 -119.564598 0.000000
H08A_TA_LHT 44.519100 -118.670403 0.000000
H09A_TA_LHT 44.665298 -117.664299 0.000000
H10A_TA_LHT 44.589001 -116.747398 0.000000
H11A_TA_LHT 44.703499 -116.012703 0.000000
H12A_TA_LHT 44.549400 -114.855400 0.000000
H13A_TA_LHT 44.564201 -114.254501 0.000000
H14A_TA_LHT 44.616501 -113.367401 0.000000
H15A_TA_LHT 44.617298 -112.643898 0.000000
H16A_TA_LHT 44.703800 -111.247803 0.000000
H17A_TA_LHT 44.395100 -110.576202 0.000000
H18A_TA_LHT 44.676899 -109.664101 0.000000
H19A_TA_LHT 44.670399 -108.985703 0.000000
H20A_TA_LHT 44.486801 -107.999001 0.000000
H21A_TA_LHT 44.627701 -107.042297 0.000000
H22A_TA_LHT 44.594299 -106.352097 0.000000
H23A_TA_LHT 44.562000 -105.400703 0.000000
H24A_TA_LHT 44.747299 -104.552399 0.000000
H25A_TA_LHT 44.621498 -103.598099 0.000000
H26A_TA_LHT 44.616798 -102.773903 0.000000
H27A_TA_LHT 44.632900 -102.077499 0.000000
H28A_TA_LHT 44.675098 -101.020599 0.000000
H29A_TA_LHT 44.626099 -100.212502 0.000000
HAST_TA_LHT 36.388699 -121.551399 0.000000
HATC_TA_LHT 40.816101 -121.461197 0.000000
HELL_TA_LHT 36.680099 -119.022797 0.000000
I02A_TA_LHT 44.003502 -123.829903 0.000000
I03A_TA_LHT 43.972599 -123.277702 0.000000
I04A_TA_LHT 43.794102 -122.411301 0.000000
I05A_TA_LHT 44.162601 -121.267502 0.000000
I06A_TA_LHT 43.943699 -120.210701 0.000000
I07A_TA_LHT 44.082001 -119.504204 0.000000
I08A_TA_LHT 43.910400 -118.569199 0.000000
I09A_TA_LHT 43.973301 -117.740700 0.000000
I10A_TA_LHT 44.085999 -116.802902 0.000000
I11A_TA_LHT 43.912102 -115.957802 0.000000
I12A_TA_LHT 43.794498 -115.132797 0.000000
I13A_TA_LHT 43.914600 -114.116898 0.000000
I14A_TA_LHT 43.928600 -113.451797 0.000000
I15A_TA_LHT 43.999699 -112.485001 0.000000
I16A_TA_LHT 43.875599 -111.486801 0.000000
I17A_TA_LHT 43.919998 -110.575897 0.000000
I18A_TA_LHT 43.701302 -109.817101 0.000000
I19A_TA_LHT 44.036301 -108.994301 0.000000
I20A_TA_LHT 43.949600 -108.128304 0.000000
I21A_TA_LHT 43.812199 -107.292000 0.000000
I22A_TA_LHT 43.892399 -106.484001 0.000000
I23A_TA_LHT 43.960499 -105.462898 0.000000
I24A_TA_LHT 43.859402 -104.626297 0.000000
I25A_TA_LHT 44.019600 -103.732399 0.000000
I26A_TA_LHT 44.030899 -102.859596 0.000000
I27A_TA_LHT 44.069000 -102.052498 0.000000
I28A_TA_LHT 43.999599 -101.169197 0.000000
I29A_TA_LHT 44.021500 -100.303398 0.000000
I30A_TA_LHT 43.914299 -99.426201 0.000000
J02A_TA_LHT 43.365398 -123.574699 0.000000
J03A_TA_LHT 43.371700 -122.964600 0.000000
J04A_TA_LHT 43.240601 -122.109299 0.000000
J05A_TA_LHT 43.284302 -121.235703 0.000000
J06A_TA_LHT 43.251499 -120.152802 0.000000
J07A_TA_LHT 43.373600 -119.310501 0.000000
J08A_TA_LHT 43.358002 -118.474297 0.000000
J09A_TA_LHT 43.347099 -117.754204 0.000000
J10A_TA_LHT 43.427502 -116.766998 0.000000
J11A_TA_LHT 43.415100 -115.827797 0.000000
J12A_TA_LHT 43.250000 -115.098000 0.000000
J13A_TA_LHT 43.397900 -114.174202 0.000000
J14A_TA_LHT 43.323399 -113.517799 0.000000
J15A_TA_LHT 43.399799 -112.433403 0.000000
J16A_TA_LHT 43.274101 -111.611900 0.000000
J17A_TA_LHT 43.362900 -110.711800 0.000000
J18A_TA_LHT 43.211201 -110.019997 0.000000
J19A_TA_LHT 43.264900 -109.053101 0.000000
J20A_TA_LHT 43.353100 -108.084198 0.000000
J21A_TA_LHT 43.345901 -107.445900 0.000000
J22A_TA_LHT 43.412601 -106.478500 0.000000
J23A_TA_LHT 43.403599 -105.552399 0.000000
J24A_TA_LHT 43.330502 -104.661301 0.000000
J25A_TA_LHT 43.390099 -103.802597 0.000000
J26A_TA_LHT 43.312599 -103.075203 0.000000
J27A_TA_LHT 43.252602 -102.006897 0.000000
J28A_TA_LHT 43.423901 -101.235901 0.000000
J29A_TA_LHT 43.406101 -100.325302 0.000000
J30A_TA_LHT 43.324799 -99.492203 0.000000
K01A_TA_LHT 42.808800 -124.469200 0.000000
K02A_TA_LHT 42.766701 -123.489799 0.000000
K04A_TA_LHT 42.613300 -121.730698 0.000000
K05A_TA_LHT 42.725800 -120.893402 0.000000
K06A_TA_LHT 42.799099 -120.250999 0.000000
K07A_TA_LHT 42.691200 -119.246902 0.000000
K08A_TA_LHT 42.730801 -118.486397 0.000000
K09A_TA_LHT 42.699600 -117.725098 0.000000
K10A_TA_LHT 42.777901 -116.870499 0.000000
K11A_TA_LHT 42.771301 -116.032303 0.000000
K12A_TA_LHT 42.636002 -114.902901 0.000000
K13A_TA_LHT 42.649300 -114.084000 0.000000
K14A_TA_LHT 42.545200 -113.176003 0.000000
K15A_TA_LHT 42.685200 -112.530502 0.000000
K16A_TA_LHT 42.832100 -111.588402 0.000000
K17A_TA_LHT 42.750702 -110.920097 0.000000
K18A_TA_LHT 42.637199 -110.041702 0.000000
K19A_TA_LHT 42.824699 -108.846603 0.000000
K20A_TA_LHT 42.657902 -108.341797 0.000000
K21A_TA_LHT 42.633202 -107.250999 0.000000
K22A_TA_LHT 42.650700 -106.524002 0.000000
K23A_TA_LHT 42.754601 -105.625099 0.000000
K24A_TA_LHT 42.722500 -104.815201 0.000000
K25A_TA_LHT 42.612000 -103.870499 0.000000
K26A_TA_LHT 42.701599 -103.178299 0.000000
K27A_TA_LHT 42.703602 -102.236397 0.000000
K28A_TA_LHT 42.713600 -101.366501 0.000000
K29A_TA_LHT 42.761200 -100.318199 0.000000
K30A_TA_LHT 42.674198 -99.613098 0.000000
KMSC_TA_LHT 35.141998 -81.333298 0.000000
KSCO_TA_LHT 39.011200 -102.627296 0.000000
L02A_TA_LHT 42.155998 -123.601799 0.000000
L04A_TA_LHT 42.174999 -121.890999 0.000000
L05A_TA_LHT 42.047199 -120.833603 0.000000
L07A_TA_LHT 42.018700 -119.339798 0.000000
L08A_TA_LHT 42.190102 -118.344498 0.000000
L09A_TA_LHT 42.019199 -117.666702 0.000000
L10A_TA_LHT 42.077301 -116.471100 0.000000
L11A_TA_LHT 42.166901 -115.754097 0.000000
L12A_TA_LHT 42.146000 -115.016197 0.000000
L13A_TA_LHT 42.088600 -113.944397 0.000000
L14A_TA_LHT 42.034302 -113.239799 0.000000
L15A_TA_LHT 42.004101 -112.386002 0.000000
L16A_TA_LHT 42.014900 -111.431900 0.000000
L17A_TA_LHT 42.099499 -110.872704 0.000000
L18A_TA_LHT 41.924301 -110.036400 0.000000
L19A_TA_LHT 42.101200 -109.357498 0.000000
L20A_TA_LHT 42.007301 -108.339798 0.000000
L21A_TA_LHT 41.964100 -107.369499 0.000000
L22A_TA_LHT 42.030998 -106.433800 0.000000
L23A_TA_LHT 42.114300 -105.701202 0.000000
L24A_TA_LHT 42.043201 -104.932602 0.000000
L25A_TA_LHT 42.154800 -103.965698 0.000000
L26A_TA_LHT 42.036701 -103.079498 0.000000
L27A_TA_LHT 42.083698 -102.315399 0.000000
L28A_TA_LHT 42.007301 -101.519600 0.000000
L29A_TA_LHT 42.064098 -100.477898 0.000000
L30A_TA_LHT 41.949200 -99.719597 0.000000
L31A_TA_LHT 42.175999 -98.838699 0.000000
LAVA_TA_LHT 38.755199 -120.739502 0.000000
M01C_TA_LHT 41.847301 -124.122101 0.000000
M02C_TA_LHT 41.391998 -122.853798 0.000000
M03C_TA_LHT 41.274200 -122.122002 0.000000
M04C_TA_LHT 41.782600 -121.839302 0.000000
M05C_TA_LHT 41.359299 -121.145699 0.000000
M06C_TA_LHT 41.204700 -120.477203 0.000000
M07A_TA_LHT 41.388401 -119.171097 0.000000
M08A_TA_LHT 41.448299 -118.379204 0.000000
M09A_TA_LHT 41.423000 -117.449699 0.000000
M10A_TA_LHT 41.521999 -116.539597 0.000000
M11A_TA_LHT 41.431099 -115.791199 0.000000
M12A_TA_LHT 41.415699 -114.915100 0.000000
M13A_TA_LHT 41.360199 -114.165497 0.000000
M14A_TA_LHT 41.502998 -113.347099 0.000000
M15A_TA_LHT 41.463200 -112.447701 0.000000
M16A_TA_LHT 41.314602 -111.629799 0.000000
M17A_TA_LHT 41.472900 -110.666397 0.000000
M18A_TA_LHT 41.427200 -110.067398 0.000000
M19A_TA_LHT 41.504700 -109.156898 0.000000
M20A_TA_LHT 41.490601 -108.186501 0.000000
M21A_TA_LHT 41.606701 -107.363503 0.000000
M22A_TA_LHT 41.403301 -106.595802 0.000000
M23A_TA_LHT 41.467999 -105.722099 0.000000
M24A_TA_LHT 41.467602 -104.824799 0.000000
M25A_TA_LHT 41.434700 -104.055099 0.000000
M26A_TA_LHT 41.466099 -103.142700 0.000000
M27A_TA_LHT 41.528099 -102.387199 0.000000
M28A_TA_LHT 41.395599 -101.371498 0.000000
M29A_TA_LHT 41.444099 -100.689201 0.000000
M30A_TA_LHT 41.537102 -99.872299 0.000000
M31A_TA_LHT 41.344002 -98.976601 0.000000
MDND_TA_LHT 47.848099 -99.602898 0.000000
MSTX_TA_LHT 33.969601 -102.772400 0.000000
N02C_TA_LHT 40.821999 -123.305702 0.000000
N06A_TA_LHT 40.748402 -119.834602 0.000000
N07A_TA_LHT 40.772099 -118.971603 0.000000
N07B_TA_LHT 40.779701 -118.971100 0.000000
N08A_TA_LHT 40.781101 -118.133698 0.000000
N09A_TA_LHT 40.852001 -117.524399 0.000000
N10A_TA_LHT 40.718601 -116.508003 0.000000
N11A_TA_LHT 40.816700 -115.736000 0.000000
N12A_TA_LHT 40.852200 -115.038696 0.000000
N13A_TA_LHT 40.855598 -114.204498 0.000000
N14A_TA_LHT 40.851299 -113.186699 0.000000
N15A_TA_LHT 40.890301 -112.520103 0.000000
N16A_TA_LHT 40.886902 -111.436996 0.000000
N17A_TA_LHT 40.942501 -110.833504 0.000000
N18A_TA_LHT 40.976299 -109.673103 0.000000
N19A_TA_LHT 40.893600 -109.177200 0.000000
N20A_TA_LHT 40.833801 -108.262604 0.000000
N21A_TA_LHT 40.759998 -107.519600 0.000000
N22A_TA_LHT 40.802299 -106.454399 0.000000
N23A_TA_LHT 40.894699 -105.944000 0.000000
N24A_TA_LHT 40.827099 -104.882401 0.000000
N25A_TA_LHT 40.813202 -104.087303 0.000000
N26A_TA_LHT 40.828899 -103.222099 0.000000
N27A_TA_LHT 40.806301 -102.536697 0.000000
N28A_TA_LHT 40.687302 -101.540604 0.000000
N29A_TA_LHT 40.818901 -100.626404 0.000000
N30A_TA_LHT 40.795700 -100.100098 0.000000
N31A_TA_LHT 40.823502 -98.954399 0.000000
N32A_TA_LHT 40.763901 -98.295502 0.000000
O01C_TA_LHT 40.139801 -123.819504 0.000000
O02C_TA_LHT 40.176701 -122.788300 0.000000
O03C_TA_LHT 39.997101 -122.031898 0.000000
O04C_TA_LHT 40.320000 -121.085999 0.000000
O05C_TA_LHT 39.962002 -120.917603 0.000000
O06A_TA_LHT 40.165001 -119.827499 0.000000
O07A_TA_LHT 40.161400 -118.877197 0.000000
O08A_TA_LHT 40.290298 -118.154999 0.000000
O09A_TA_LHT 40.169701 -117.189903 0.000000
O10A_TA_LHT 40.291698 -116.499901 0.000000
O11A_TA_LHT 40.131302 -115.656998 0.000000
O12A_TA_LHT 40.267899 -114.745399 0.000000
O13A_TA_LHT 40.131401 -113.981400 0.000000
O15A_TA_LHT 40.280701 -112.469398 0.000000
O16A_TA_LHT 40.206699 -111.502403 0.000000
O17A_TA_LHT 40.194801 -110.737801 0.000000
O18A_TA_LHT 40.265499 -110.008202 0.000000
O19A_TA_LHT 40.298199 -109.123596 0.000000
O20A_TA_LHT 40.134800 -108.241600 0.000000
O21A_TA_LHT 40.214901 -107.470497 0.000000
O22A_TA_LHT 40.161800 -106.546997 0.000000
O23A_TA_LHT 40.210899 -105.917801 0.000000
O24A_TA_LHT 40.122700 -105.072899 0.000000
O25A_TA_LHT 40.112900 -104.120102 0.000000
O26A_TA_LHT 40.242199 -103.312798 0.000000
O27A_TA_LHT 40.189999 -102.479401 0.000000
O28A_TA_LHT 40.126202 -101.773499 0.000000
O29A_TA_LHT 40.125301 -100.797699 0.000000
O30A_TA_LHT 40.179100 -100.057098 0.000000
O31A_TA_LHT 40.152100 -99.326103 0.000000
O32A_TA_LHT 40.261002 -98.276398 0.000000
P01C_TA_LHT 39.469002 -123.337502 0.000000
P05C_TA_LHT 39.302799 -120.607697 0.000000
P06A_TA_LHT 39.678501 -119.898300 0.000000
P07A_TA_LHT 39.539902 -118.889297 0.000000
P08A_TA_LHT 39.694599 -118.080002 0.000000
P09A_TA_LHT 39.551601 -117.139503 0.000000
P10A_TA_LHT 39.620201 -116.463898 0.000000
P11A_TA_LHT 39.553001 -115.753601 0.000000
P12A_TA_LHT 39.473099 -114.907501 0.000000
P13A_TA_LHT 39.455002 -114.015602 0.000000
P14A_TA_LHT 39.590599 -113.068703 0.000000
P15A_TA_LHT 39.570801 -112.278603 0.000000
P16A_TA_LHT 39.609200 -111.659500 0.000000
P17A_TA_LHT 39.473000 -110.739998 0.000000
P18A_TA_LHT 39.627899 -110.245697 0.000000
P19A_TA_LHT 39.633301 -108.981201 0.000000
P20A_TA_LHT 39.499802 -108.391197 0.000000
P21A_TA_LHT 39.523998 -107.449303 0.000000
P22A_TA_LHT 39.595200 -106.758904 0.000000
P23A_TA_LHT 39.374100 -105.838799 0.000000
P24A_TA_LHT 39.514400 -104.908203 0.000000
P25A_TA_LHT 39.512501 -104.167999 0.000000
P26A_TA_LHT 39.560200 -103.346497 0.000000
P27A_TA_LHT 39.555901 -102.578201 0.000000
P28A_TA_LHT 39.573200 -101.754799 0.000000
P29A_TA_LHT 39.602100 -100.931602 0.000000
P30A_TA_LHT 39.544201 -100.246803 0.000000
P31A_TA_LHT 39.521099 -99.378304 0.000000
P32A_TA_LHT 39.622299 -98.601097 0.000000
P33A_TA_LHT 39.436298 -97.694603 0.000000
Q03C_TA_LHT 38.633301 -122.014503 0.000000
Q04C_TA_LHT 38.839001 -121.376900 0.000000
Q07A_TA_LHT 38.938301 -118.807800 0.000000
Q08A_TA_LHT 38.860600 -117.931602 0.000000
Q09A_TA_LHT 38.834000 -117.181602 0.000000
Q10A_TA_LHT 38.824699 -116.399902 0.000000
Q11A_TA_LHT 38.845501 -115.654099 0.000000
Q12A_TA_LHT 39.040001 -114.829903 0.000000
Q13A_TA_LHT 38.955101 -114.020203 0.000000
Q14A_TA_LHT 38.988201 -113.276901 0.000000
Q15A_TA_LHT 38.999500 -112.379303 0.000000
Q16A_TA_LHT 38.917599 -111.171600 0.000000
Q18A_TA_LHT 39.102501 -110.132797 0.000000
Q19A_TA_LHT 38.955299 -109.263000 0.000000
Q20A_TA_LHT 38.954102 -108.295601 0.000000
Q21A_TA_LHT 38.834702 -107.573799 0.000000
Q22A_TA_LHT 38.862701 -106.909599 0.000000
Q23A_TA_LHT 38.904499 -105.833702 0.000000
Q24A_TA_LHT 38.964100 -105.149200 0.000000
Q25A_TA_LHT 38.914501 -104.247200 0.000000
Q26A_TA_LHT 38.923401 -103.519501 0.000000
Q28A_TA_LHT 39.062302 -101.830902 0.000000
Q29A_TA_LHT 38.890499 -100.978699 0.000000
Q30A_TA_LHT 38.977200 -100.220703 0.000000
Q31A_TA_LHT 39.004799 -99.394997 0.000000
R04C_TA_LHT 38.257099 -120.936302 0.000000
R05C_TA_LHT 38.702801 -120.075500 0.000000
R06C_TA_LHT 38.522598 -119.450897 0.000000
R07C_TA_LHT 38.089001 -119.046898 0.000000
R08A_TA_LHT 38.348900 -118.106400 0.000000
R09A_TA_LHT 38.239700 -117.071800 0.000000
R10A_TA_LHT 38.288601 -116.302101 0.000000
R11A_TA_LHT 38.348900 -115.585403 0.000000
R12A_TA_LHT 38.328098 -114.607597 0.000000
R13A_TA_LHT 38.180199 -113.969101 0.000000
R14A_TA_LHT 38.298698 -113.021301 0.000000
R15A_TA_LHT 38.210800 -112.276703 0.000000
R16A_TA_LHT 38.284302 -111.482697 0.000000
R17A_TA_LHT 38.418701 -110.710899 0.000000
R18A_TA_LHT 38.386200 -109.894203 0.000000
R19A_TA_LHT 38.291599 -109.260696 0.000000
R20A_TA_LHT 38.188801 -108.379204 0.000000
R21A_TA_LHT 38.368500 -107.550102 0.000000
R22A_TA_LHT 38.228901 -106.756104 0.000000
R23A_TA_LHT 38.190701 -105.826401 0.000000
R24A_TA_LHT 38.231499 -105.107498 0.000000
R25A_TA_LHT 38.147400 -104.283401 0.000000
R26A_TA_LHT 38.300900 -103.446999 0.000000
R27A_TA_LHT 38.285900 -102.797997 0.000000
R28A_TA_LHT 38.342300 -101.810600 0.000000
R29A_TA_LHT 38.424301 -101.138298 0.000000
R30A_TA_LHT 38.284401 -100.276901 0.000000
R31A_TA_LHT 38.288799 -99.527100 0.000000
S04C_TA_LHT 37.504902 -121.327797 0.000000
S05C_TA_LHT 37.346001 -120.329597 0.000000
S06C_TA_LHT 37.881699 -119.848801 0.000000
S08C_TA_LHT 37.499298 -118.171097 0.000000
S09A_TA_LHT 37.724300 -117.224602 0.000000
S10A_TA_LHT 37.923000 -116.594803 0.000000
S11A_TA_LHT 37.644402 -115.747200 0.000000
S12A_TA_LHT 37.608299 -114.848900 0.000000
S13A_TA_LHT 37.580799 -113.860397 0.000000
S14A_TA_LHT 37.760101 -113.168404 0.000000
S15A_TA_LHT 37.676102 -112.362701 0.000000
S16A_TA_LHT 37.722198 -111.596100 0.000000
S17A_TA_LHT 37.635399 -110.801804 0.000000
S18A_TA_LHT 37.690300 -109.994797 0.000000
S19A_TA_LHT 37.745899 -109.136597 0.000000
S20A_TA_LHT 37.830002 -108.360497 0.000000
S21A_TA_LHT 37.661999 -107.791702 0.000000
S22A_TA_LHT 37.746101 -106.829300 0.000000
S23A_TA_LHT 37.705898 -106.002296 0.000000
S24A_TA_LHT 37.640701 -105.212601 0.000000
S25A_TA_LHT 37.660599 -104.434898 0.000000
S26A_TA_LHT 37.621601 -103.471100 0.000000
S27A_TA_LHT 37.683701 -102.898201 0.000000
S28A_TA_LHT 37.589901 -101.897903 0.000000
S29A_TA_LHT 37.619900 -101.117996 0.000000
S30A_TA_LHT 37.640202 -100.463997 0.000000
S31A_TA_LHT 37.619301 -99.484497 0.000000
S32A_TA_LHT 37.700100 -98.936302 0.000000
SFIN_TA_LHT 40.379002 -87.096703 0.000000
SPMN_TA_LHT 45.224602 -92.803703 0.000000
SUTB_TA_LHT 39.229099 -121.786102 0.000000
T05C_TA_LHT 36.895302 -120.673698 0.000000
T06C_TA_LHT 37.006901 -119.708900 0.000000
T11A_TA_LHT 37.240799 -115.220200 0.000000
T12A_TA_LHT 36.725601 -114.714699 0.000000
T13A_TA_LHT 37.019501 -113.907303 0.000000
T14A_TA_LHT 37.061501 -113.084000 0.000000
T15A_TA_LHT 37.018299 -112.382401 0.000000
T16A_TA_LHT 36.983898 -111.505997 0.000000
T17A_TA_LHT 36.996899 -110.804100 0.000000
T18A_TA_LHT 37.136398 -109.874100 0.000000
T19A_TA_LHT 36.829899 -109.024902 0.000000
T21A_TA_LHT 36.991402 -107.534203 0.000000
T22A_TA_LHT 37.013802 -106.903000 0.000000
T23A_TA_LHT 37.036098 -106.037201 0.000000
T24A_TA_LHT 37.073799 -105.052101 0.000000
T24B_TA_LHT 37.062401 -105.381699 0.000000
T25A_TA_LHT 37.138802 -104.410797 0.000000
T26A_TA_LHT 37.174702 -103.593300 0.000000
T27A_TA_LHT 37.061401 -102.721397 0.000000
T28A_TA_LHT 37.120399 -102.113602 0.000000
T29A_TA_LHT 37.156502 -101.294197 0.000000
T30A_TA_LHT 37.052601 -100.527397 0.000000
T31A_TA_LHT 37.097698 -99.677101 0.000000
TIGA_TA_LHT 31.438900 -83.589798 0.000000
TUL1_TA_LHT 35.910400 -95.791901 0.000000
U04C_TA_LHT 36.362701 -120.782799 0.000000
U05C_TA_LHT 36.335602 -120.120499 0.000000
U10A_TA_LHT 36.419300 -116.329697 0.000000
U11A_TA_LHT 36.423000 -115.383499 0.000000
U12A_TA_LHT 36.432098 -114.538803 0.000000
U13A_TA_LHT 36.415100 -113.965302 0.000000
U14A_TA_LHT 36.418201 -113.180496 0.000000
U15A_TA_LHT 36.428001 -112.291496 0.000000
U16A_TA_LHT 36.142799 -111.129700 0.000000
U17A_TA_LHT 36.599602 -110.662399 0.000000
U18A_TA_LHT 36.419899 -109.869598 0.000000
U19A_TA_LHT 36.292500 -109.207603 0.000000
U20A_TA_LHT 36.375801 -108.520401 0.000000
U21A_TA_LHT 36.427700 -107.657799 0.000000
U22A_TA_LHT 36.377300 -106.854599 0.000000
U23A_TA_LHT 36.328899 -106.191902 0.000000
U24A_TA_LHT 36.409302 -105.278397 0.000000
U25A_TA_LHT 36.399799 -104.408096 0.000000
U26A_TA_LHT 36.394501 -103.743896 0.000000
U27A_TA_LHT 36.421299 -102.824600 0.000000
U28A_TA_LHT 36.379299 -102.224297 0.000000
U29A_TA_LHT 36.451900 -101.270203 0.000000
U30A_TA_LHT 36.530399 -100.650902 0.000000
U31A_TA_LHT 36.369499 -99.850800 0.000000
V03C_TA_LHT 36.021400 -121.235603 0.000000
V04C_TA_LHT 35.636002 -120.869904 0.000000
V05C_TA_LHT 35.866699 -119.902802 0.000000
V11A_TA_LHT 35.838402 -115.430496 0.000000
V12A_TA_LHT 35.726601 -114.851097 0.000000
V13A_TA_LHT 35.852200 -113.984001 0.000000
V14A_TA_LHT 35.633900 -113.105301 0.000000
V15A_TA_LHT 35.819099 -112.173103 0.000000
V17A_TA_LHT 35.621799 -110.793800 0.000000
V18A_TA_LHT 35.711300 -109.932701 0.000000
V19A_TA_LHT 35.714699 -109.045601 0.000000
V20A_TA_LHT 35.799198 -108.466202 0.000000
V21A_TA_LHT 35.805401 -107.637802 0.000000
V22A_TA_LHT 35.913799 -106.909401 0.000000
V23A_TA_LHT 35.745201 -106.183296 0.000000
V24A_TA_LHT 35.725899 -105.271599 0.000000
V25A_TA_LHT 35.838299 -104.616402 0.000000
V26A_TA_LHT 35.796398 -103.786003 0.000000
V27A_TA_LHT 35.756901 -102.836098 0.000000
V28A_TA_LHT 35.750500 -102.224297 0.000000
V29A_TA_LHT 35.873402 -101.520897 0.000000
V30A_TA_LHT 35.762299 -100.689201 0.000000
V31A_TA_LHT 35.773899 -99.842499 0.000000
W12A_TA_LHT 35.300999 -114.870102 0.000000
W13A_TA_LHT 35.098999 -113.885399 0.000000
W14A_TA_LHT 35.212700 -113.083397 0.000000
W15A_TA_LHT 35.178699 -112.266602 0.000000
W16A_TA_LHT 35.095100 -111.531799 0.000000
W17A_TA_LHT 35.078899 -110.712700 0.000000
W18A_TA_LHT 35.118099 -109.735703 0.000000
W19A_TA_LHT 35.111801 -109.387901 0.000000
W20A_TA_LHT 35.125900 -108.500099 0.000000
W21A_TA_LHT 35.117001 -107.647598 0.000000
W22A_TA_LHT 35.071899 -106.867401 0.000000
W23A_TA_LHT 35.160500 -106.150299 0.000000
W24A_TA_LHT 35.210602 -105.407501 0.000000
W25A_TA_LHT 35.217701 -104.460602 0.000000
W26A_TA_LHT 35.089100 -103.765602 0.000000
W27A_TA_LHT 35.063702 -103.062698 0.000000
W28A_TA_LHT 35.257401 -102.206299 0.000000
W29A_TA_LHT 35.121201 -101.647598 0.000000
W30A_TA_LHT 35.181801 -100.577003 0.000000
W31A_TA_LHT 35.186401 -99.943497 0.000000
WHTX_TA_LHT 31.991301 -97.456100 0.000000
X13A_TA_LHT 34.593498 -113.830200 0.000000
X14A_TA_LHT 34.469200 -112.890602 0.000000
X15A_TA_LHT 34.486599 -112.236801 0.000000
X16A_TA_LHT 34.417801 -111.441101 0.000000
X17A_TA_LHT 34.337101 -110.805801 0.000000
X18A_TA_LHT 34.529301 -109.950104 0.000000
X19A_TA_LHT 34.427502 -109.290100 0.000000
X20A_TA_LHT 34.542099 -108.498001 0.000000
X21A_TA_LHT 34.445702 -107.785698 0.000000
X22A_TA_LHT 34.505798 -107.010201 0.000000
X23A_TA_LHT 34.581001 -106.188103 0.000000
X24A_TA_LHT 34.564602 -105.434898 0.000000
X25A_TA_LHT 34.527100 -104.662102 0.000000
X26A_TA_LHT 34.550800 -103.810303 0.000000
X27A_TA_LHT 34.646900 -103.097397 0.000000
X28A_TA_LHT 34.518501 -102.197304 0.000000
X29A_TA_LHT 34.445202 -101.700798 0.000000
X30A_TA_LHT 34.446098 -100.874001 0.000000
X31A_TA_LHT 34.630901 -99.979301 0.000000
Y12C_TA_LHT 33.750301 -114.523804 0.000000
Y13A_TA_LHT 33.814201 -113.828697 0.000000
Y14A_TA_LHT 33.938301 -113.004799 0.000000
Y15A_TA_LHT 33.953499 -112.333099 0.000000
Y16A_TA_LHT 33.879799 -111.478302 0.000000
Y17A_TA_LHT 33.695301 -110.844398 0.000000
Y18A_TA_LHT 33.777599 -110.034103 0.000000
Y19A_TA_LHT 33.957100 -109.254097 0.000000
Y20A_TA_LHT 33.908501 -108.376900 0.000000
Y21A_TA_LHT 34.008701 -107.674004 0.000000
Y22A_TA_LHT 33.937000 -106.965202 0.000000
Y22C_TA_LHT 34.074100 -106.921097 0.000000
Y22D_TA_LHT 34.073898 -106.920998 0.000000
Y23A_TA_LHT 33.931499 -106.054901 0.000000
Y24A_TA_LHT 33.925701 -105.436096 0.000000
Y25A_TA_LHT 33.922901 -104.692802 0.000000
Y26A_TA_LHT 33.923199 -103.824600 0.000000
Y27A_TA_LHT 33.883900 -103.163300 0.000000
Y28A_TA_LHT 33.908600 -102.247902 0.000000
Y29A_TA_LHT 33.860199 -101.671204 0.000000
Y30A_TA_LHT 33.876598 -100.897797 0.000000
Y31A_TA_LHT 33.962898 -100.261497 0.000000
Y32A_TA_LHT 34.003601 -99.442001 0.000000
Z13A_TA_LHT 33.199902 -113.656799 0.000000
Z14A_TA_LHT 33.362701 -112.945801 0.000000
Z15A_TA_LHT 33.289299 -112.158096 0.000000
Z16A_TA_LHT 33.341000 -111.427299 0.000000
Z17A_TA_LHT 33.296902 -110.472298 0.000000
Z18A_TA_LHT 33.085098 -110.036201 0.000000
Z19A_TA_LHT 33.292099 -109.265701 0.000000
Z20A_TA_LHT 33.113201 -108.592201 0.000000
Z21A_TA_LHT 33.308601 -107.671204 0.000000
Z22A_TA_LHT 33.255501 -106.963898 0.000000
Z23A_TA_LHT 33.262100 -106.231903 0.000000
Z24A_TA_LHT 33.329800 -105.364899 0.000000
Z25A_TA_LHT 33.279701 -104.717102 0.000000
Z26A_TA_LHT 33.271599 -103.979797 0.000000
Z27A_TA_LHT 33.314999 -103.214500 0.000000
Z28A_TA_LHT 33.288399 -102.386597 0.000000
Z29A_TA_LHT 33.259499 -101.706200 0.000000
Z30A_TA_LHT 33.286098 -101.128197 0.000000
Z31A_TA_LHT 33.318298 -100.143501 0.000000
Z32A_TA_LHT 33.306599 -99.478302 0.000000
